1
0
2
3
4
5
6
7
8
9
11
10
13
12
14
15
17
16
19
18
20
21
23
22
24
25
26
27
28
30
29
31
32
33
34
35
36
37
38
39
40
41
43
42
45
44
46
47
48
49
50
51
52
53
54
55
56
57
58
59
60
61
63
62
64
65
66
67
68
69
70
71
72
74
73
75
76
77
78
79
80
81
82
83
84
85
86
87
88
89
90
91
92
93
94
95
96
97
98
99
101
100
102
103
104
105
106
107
108
109
110
111
112
113
115
114
117
116
118
119
121
120
122
123
124
126
125
127
128
129
130
131
132
134
133
135
136
137
138
139
140
142
141
143
144
145
146
147
148
149
150
152
151
153
154
155
156
157
159
158
160
161
162
163
164
165
166
167
168
169
170
171
172
173
174
175
176
177
178
179
180
182
181
183
184
186
185
187
188
189
190
191
193
192
194
195
196
197
198
199
201
200
203
202
204
205
206
207
209
208
210
211
212
213
214
215
216
217
218
219
220
221
222
223
224
225
226
227
228
229
230
231
232
233
234
235
236
237
238
239
240
241
242
243
244
245
246
248
247
249
250
251
252
253
254
255
256
257
258
259
260
261
262
263
264
266
265
267
268
269
270
271
272
273
274
275
276
277
278
279
281
280
282
283
284
285
286
287
288
289
290
291
292
294
293
295
296
297
298
299
300
301
302
303
304
305
306
307
308
309
310
311
312
313
314
315
316
317
318
320
319
321
322
324
323
326
325
327
328
329
330
331
332
333
334
335
336
337
338
339
340
341
342
343
344
345
346
347
348
350
349
352
351
353
354
355
356
357
358
359
361
360
363
362
364
365
366
367
369
368
370
371
373
372
374
375
376
377
378
379
381
380
383
382
385
384
387
386
388
389
390
392
391
393
394
396
395
397
398
399
400
401
402
403
404
405
406
407
408
409
410
411
412
413
414
415
416
417
418
419
420
421
422
423
424
425
427
426
429
428
430
431
432
433
434
435
436
437
439
438
441
440
442
443
445
444
446
447
448
449
450
451
452
453
454
455
457
456
458
459
460
462
461
463
464
465
466
467
468
469
470
471
473
472
474
475
477
476
478
479
480
481
482
483
484
485
486
488
487
489
490
491
493
492
494
495
496
497
498
499
500
501
502
503
504
505
506
507
508
509
510
511
512
513
514
515
516
517
518
519
520
521
522
523
525
524
526
527
528
529
530
531
532
533
535
534
536
537
538
539
540
541
542
543
544
545
547
546
549
548
550
551
553
552
554
555
557
556
559
558
560
561
562
563
564
565
567
566
568
570
569
571
572
573
574
575
577
576
578
579
580
581
583
582
584
585
586
587
588
589
590
591
592
593
594
596
595
597
598
599
600
601
602
603
604
605
606
607
608
609
610
611
612
613
614
615
616
617
618
620
619
621
622
623
624
625
626
627
628
629
630
631
632
633
634
636
635
638
637
640
639
641
642
643
644
645
646
647
648
649
650
651
652
653
654
655
656
657
658
659
660
661
662
663
664
665
667
666
668
669
671
670
672
673
674
675
676
677
678
679
680
681
682
683
684
685
686
687
688
690
689
692
691
694
693
695
696
697
698
699
700
701
702
703
704
706
705
707
709
708
711
710
713
712
715
714
717
716
718
719
720
721
722
723
725
724
726
727
728
729
730
731
732
733
734
735
736
737
738
739
740
741
743
742
744
745
746
747
748
749
750
751
753
752
754
755
757
756
759
758
761
760
762
763
765
764
766
768
767
769
770
771
772
773
774
775
776
777
778
779
780
781
782
783
784
785
786
787
788
789
790
791
792
793
794
795
796
798
797
799
800
802
801
803
804
805
806
807
808
809
811
810
812
813
814
815
816
817
818
820
819
821
822
824
823
825
826
827
828
830
829
831
832
833
834
835
836
838
837
839
840
842
841
843
844
845
847
846
849
848
850
852
851
853
854
855
856
857
858
859
860
861
863
862
864
865
866
867
868
869
870
871
873
872
875
874
877
876
878
879
880
881
882
884
883
886
885
887
888
889
890
891
892
893
894
895
897
896
898
899
900
901
902
903
904
905
906
907
908
909
911
910
912
913
915
914
916
917
918
919
920
921
923
922
924
925
926
927
928
929
930
931
932
934
933
935
936
937
938
940
939
941
942
943
944
945
946
947
948
949
951
950
952
953
954
955
956
957
958
959
960
961
962
964
963
965
966
967
968
969
970
971
972
973
975
974
976
977
978
979
980
981
983
982
984
986
985
988
987
989
990
991
992
993
995
994
997
996
998
999
